1 cansian 110 0 1616705535
4 novo 1 0 1603329150
5 dimitrius 109 0 1603217014
6 anyte 81 0 1616804234
7 barrin 15 0 1603826762
8 jerominho 15 0 1605805116
11 henro 3 0 1611173769
16 teste 1 0 1603721790
17 monfas 107 0 1604407606
45 althair 1 0 1616017422
23 lupulis 4 0 1604250310
24 nirrab 9 0 1605405526
25 motharo 39 0 1616871515
26 andrus 10 0 1607220336
27 jack 1 0 1604541786
28 beorn 2 0 1604542253
33 pyre 29 0 1613263826
34 andreii 1 0 1614791781
38 schalken 4 0 1606566364
40 farofa 3 0 1616010247
41 forneck 1 0 1614792184
44 megaman 2 0 1616010225
~
