#110
a Bibliotecária dos Pergaminhos
1204
1204
1204
1204
1204
1204
1204
1204
1204
1204
4102
4102
4102
4102
4102
4102
4102
4102
4102
5216
5216
5216
5216
5216
5216
5216
5216
5216
24400
24400
24400
24400
24400
24400
24400
24400
24400
24400
2206
2206
2206
2206
2206
2206
2206
2206
2206
5315
5315
5315
5315
5315
5315
5315
5315
5315
11332
11332
11332
11332
11332
11332
11332
11332
11332
17327
17327
17327
17327
17327
17327
17327
17327
17327
17327
2317
2317
2317
2317
2317
2317
2317
2317
2317
2317
10735
10735
10735
10735
10735
10735
10735
10735
10735
10735
$
