#111
a Bibliotecária dos Pergaminhos
10735
10735
10735
10735
10735
10735
10735
10735
10735
10735
2317
2317
2317
2317
2317
2317
2317
2317
2317
2317
17327
17327
17327
17327
17327
17327
17327
17327
17327
17327
11332
11332
11332
11332
11332
11332
11332
11332
11332
2206
2206
2206
2206
2206
2206
2206
2206
2206
5216
5216
5216
5216
5216
5216
5216
5216
5216
4102
4102
4102
4102
4102
4102
4102
4102
4102
5315
5315
5315
5315
5315
5315
5315
5315
5315
5315
5315
5315
5315
5315
5315
5315
5315
5315
5315
2320
2320
2320
2320
2320
2320
2320
2320
2320
2320
2554
24400
24400
24400
24400
24400
24400
24400
24400
24400
24400
24400
24400
24400
24400
24400
24400
24400
24400
24400
24400
5215
5215
5215
5215
5215
5215
5215
5215
5215
5215
12026
12026
12026
12026
12026
12026
12026
12026
12026
12026
1204
1204
1204
1204
1204
1204
1204
1204
1204
1204
1204
1204
1204
1204
1204
1204
1204
1204
1204
1204
12025
12025
12025
12025
12025
12025
12025
12025
12025
12025
$
