0.004400 0.004400 0.020000 0.020000 0.016800 0.016800 0.000001 0.030010 0.997527 0.999877 0.000000 0.345000 0.640000 0.000000 0.480000 0.480000 0.600000 0.560000 0.000005 0.000000 1.000000 1.000000 0.000000 0.000000 0.500000 0.000000 0.000000 0.000000 0.060000 0.002551 0.500000 0.000000 0.000000 0.000000
0.004400 0.004400 0.020000 0.020000 0.016600 0.016800 0.000001 0.030630 0.997527 0.999877 0.000000 0.345000 0.640000 0.000000 0.480000 0.480000 0.600000 0.560000 0.000005 0.000000 1.000000 1.000000 0.000000 0.000000 0.500000 0.000000 0.000000 0.000000 0.060000 0.673469 0.500000 0.000000 0.000000 0.000000
0.004400 0.004400 0.020000 0.020000 0.016600 0.016800 0.000001 0.030630 0.997527 0.999877 0.000000 0.345000 0.640000 0.000000 0.480000 0.480000 0.600000 0.560000 0.000005 0.000000 1.000000 1.000000 0.000000 0.000000 0.500000 0.000000 0.000000 0.000000 0.060000 0.936224 0.731059 0.731059 0.000000 0.000000
0.004400 0.004400 0.020000 0.020000 0.016600 0.016800 0.000001 0.030630 0.997527 0.999877 0.000000 0.335000 0.640000 0.000000 0.480000 0.480000 0.600000 0.560000 0.000005 0.000000 1.000000 1.000000 0.000000 0.000000 0.500000 0.000000 0.000000 0.000000 0.040000 0.005102 0.500000 0.000000 0.000000 0.000000
0.004400 0.004400 0.020000 0.020000 0.016400 0.016800 0.000001 0.030010 0.997527 0.999877 0.000000 0.335000 0.640000 0.000000 0.480000 0.480000 0.600000 0.560000 0.000005 0.000000 1.000000 1.000000 0.000000 0.000000 0.500000 0.000000 0.000000 0.000000 0.040000 0.003827 0.500000 0.000000 0.000000 0.000000
0.004400 0.004400 0.020000 0.020000 0.016200 0.016800 0.000001 0.030050 0.997527 0.999877 0.000000 0.335000 0.640000 0.000000 0.480000 0.480000 0.600000 0.560000 0.000005 0.000000 1.000000 1.000000 0.000000 0.000000 0.500000 0.000000 0.000000 0.000000 0.040000 0.003827 0.500000 0.000000 0.000000 0.000000
0.004400 0.004400 0.020000 0.020000 0.016000 0.016800 0.000001 0.030140 0.997527 0.999877 0.000000 0.335000 0.640000 0.000000 0.480000 0.480000 0.600000 0.560000 0.000005 0.000000 1.000000 1.000000 0.000000 0.000000 0.500000 0.000000 0.000000 0.000000 0.040000 0.005102 0.500000 0.000000 0.000000 0.000000
0.004400 0.004400 0.020000 0.020000 0.015800 0.016800 0.000001 0.030130 0.997527 0.999877 0.000000 0.335000 0.640000 0.000000 0.480000 0.480000 0.600000 0.560000 0.000005 0.000000 1.000000 1.000000 0.000000 0.000000 0.500000 0.000000 0.000000 0.000000 0.040000 0.005102 0.500000 0.000000 0.000000 0.000000
0.004400 0.004400 0.020000 0.020000 0.015600 0.016800 0.000001 0.030120 0.997527 0.999877 0.000000 0.335000 0.640000 0.000000 0.480000 0.480000 0.600000 0.560000 0.000005 0.000000 1.000000 1.000000 0.000000 0.000000 0.500000 0.000000 0.000000 0.000000 0.040000 0.005102 0.500000 0.000000 0.000000 0.000000
0.004400 0.004400 0.020000 0.020000 0.015400 0.016800 0.000001 0.030400 0.997527 0.999877 0.000000 0.335000 0.640000 0.000000 0.480000 0.480000 0.600000 0.560000 0.000005 0.000000 1.000000 1.000000 0.000000 0.000000 0.500000 0.000000 0.000000 0.000000 0.040000 0.005102 0.500000 0.000000 0.000000 0.000000
0.004400 0.004400 0.020000 0.020000 0.015200 0.016800 0.000001 0.030520 0.997527 0.999877 0.000000 0.335000 0.640000 0.000000 0.480000 0.480000 0.600000 0.560000 0.000005 0.000000 1.000000 1.000000 0.000000 0.000000 0.500000 0.000000 0.000000 0.000000 0.040000 0.005102 0.500000 0.000000 0.000000 0.000000
0.004400 0.004400 0.020000 0.020000 0.015000 0.016800 0.000001 0.060920 0.997527 0.999877 0.000000 0.335000 0.640000 0.000000 0.480000 0.480000 0.600000 0.560000 0.000005 0.000000 1.000000 1.000000 0.000000 0.000000 0.500000 0.000000 0.000000 0.000000 0.040000 0.001276 0.500000 0.000000 0.000000 0.000000
0.004400 0.004400 0.020000 0.020000 0.014800 0.016800 0.000001 0.030890 0.997527 0.999877 0.000000 0.335000 0.640000 0.000000 0.480000 0.480000 0.600000 0.560000 0.000005 0.000000 1.000000 1.000000 0.000000 0.000000 0.500000 0.000000 0.000000 0.000000 0.040000 0.001276 0.500000 0.000000 0.000000 0.000000
0.004400 0.004400 0.020000 0.020000 0.014800 0.016800 0.000001 0.030890 0.997527 0.999877 0.000000 0.335000 0.640000 0.000000 0.480000 0.480000 0.600000 0.560000 0.000005 0.000000 1.000000 1.000000 0.000000 0.000000 0.500000 0.000000 0.000000 0.000000 0.040000 0.005102 0.500000 0.000000 0.000000 0.000000
0.004400 0.004400 0.020000 0.020000 0.014600 0.016800 0.000001 0.030900 0.997527 0.999877 0.000000 0.335000 0.640000 0.000000 0.480000 0.480000 0.600000 0.560000 0.000005 0.000000 1.000000 1.000000 0.000000 0.000000 0.500000 0.000000 0.000000 0.000000 0.040000 0.001276 0.500000 0.000000 0.000000 0.000000
0.004400 0.004400 0.020000 0.020000 0.014400 0.016800 0.000001 0.030910 0.997527 0.999877 0.000000 0.335000 0.640000 0.000000 0.480000 0.480000 0.600000 0.560000 0.000005 0.000000 1.000000 1.000000 0.000000 0.000000 0.500000 0.000000 0.000000 0.000000 0.040000 0.767857 0.500000 0.000000 0.000000 0.000000
0.004400 0.004400 0.020000 0.020000 0.014400 0.016800 0.000001 0.030010 0.997527 0.999877 0.000000 0.335000 0.640000 0.000000 0.480000 0.480000 0.600000 0.560000 0.000005 0.000000 1.000000 1.000000 0.000000 0.000000 0.500000 0.000000 0.000000 0.000000 0.040000 0.005102 0.500000 0.000000 0.000000 0.000000
0.004400 0.004400 0.020000 0.020000 0.014200 0.016800 0.000001 0.030000 0.997527 0.999877 0.000000 0.335000 0.640000 0.000000 0.480000 0.480000 0.600000 0.560000 0.000005 0.000000 1.000000 1.000000 0.000000 0.000000 0.500000 0.000000 0.000000 0.000000 0.040000 0.005102 0.500000 0.000000 0.000000 0.000000
0.004400 0.004400 0.020000 0.020000 0.014000 0.016800 0.000001 0.010010 0.997527 0.999877 0.000000 0.335000 0.640000 0.000000 0.480000 0.480000 0.600000 0.560000 0.000005 0.000000 1.000000 1.000000 0.000000 0.000000 0.500000 0.000000 0.000000 0.000000 0.040000 0.005102 0.500000 0.000000 0.000000 0.000000
0.004400 0.004400 0.020000 0.020000 0.013800 0.016800 0.000001 0.010000 0.997527 0.999877 0.000000 0.335000 0.640000 0.000000 0.480000 0.480000 0.600000 0.560000 0.000005 0.000000 1.000000 1.000000 0.000000 0.000000 0.500000 0.000000 0.000000 0.000000 0.040000 0.005102 0.500000 0.000000 0.000000 0.000000
0.004400 0.004400 0.020000 0.020000 0.013600 0.016800 0.000001 0.010100 0.997527 0.999877 0.000000 0.335000 0.640000 0.000000 0.480000 0.480000 0.600000 0.560000 0.000005 0.000000 1.000000 1.000000 0.000000 0.000000 0.500000 0.000000 0.000000 0.000000 0.040000 0.002551 0.500000 0.000000 0.000000 0.000000
0.004400 0.004400 0.020000 0.020000 0.013400 0.016800 0.000001 0.010000 0.997527 0.999877 0.000000 0.335000 0.640000 0.000000 0.480000 0.480000 0.600000 0.560000 0.000005 0.000000 1.000000 1.000000 0.000000 0.000000 0.500000 0.000000 0.000000 0.000000 0.040000 0.617347 0.731059 0.500000 0.131050 0.000000
0.004400 0.004400 0.020000 0.020000 0.013400 0.016800 0.000001 0.010000 0.997527 0.999877 0.000000 0.335000 0.640000 0.000000 0.480000 0.480000 0.600000 0.560000 0.000005 0.000000 1.000000 1.000000 0.000000 0.000000 0.500000 0.000000 0.000000 0.000000 0.040000 0.617347 0.731059 0.500000 0.131050 0.000000
0.004400 0.004400 0.020000 0.020000 0.013400 0.016800 0.000001 0.010000 0.997527 0.999877 0.000000 0.335000 0.640000 0.000000 0.480000 0.480000 0.600000 0.560000 0.000005 0.000000 1.000000 1.000000 0.000000 0.000000 0.500000 0.000000 0.000000 0.000000 0.040000 0.002551 0.500000 0.000000 0.000000 0.000000
0.004400 0.004400 0.020000 0.020000 0.013200 0.016800 0.000001 0.010010 0.997527 0.999877 0.000000 0.335000 0.640000 0.000000 0.480000 0.480000 0.600000 0.560000 0.000005 0.000000 1.000000 1.000000 0.000000 0.000000 0.500000 0.000000 0.000000 0.000000 0.040000 0.002551 0.500000 0.000000 0.000000 0.000000
0.004400 0.004400 0.020000 0.020000 0.013000 0.016800 0.000001 0.030000 0.997527 0.999877 0.000000 0.335000 0.640000 0.000000 0.480000 0.480000 0.600000 0.560000 0.000005 0.000000 1.000000 1.000000 0.000000 0.000000 0.500000 0.000000 0.000000 0.000000 0.040000 0.002551 0.500000 0.000000 0.000000 0.000000
0.004400 0.004400 0.020000 0.020000 0.012800 0.016800 0.000001 0.030010 0.997527 0.999877 0.000000 0.335000 0.640000 0.000000 0.480000 0.480000 0.600000 0.560000 0.000005 0.000000 1.000000 1.000000 0.000000 0.000000 0.500000 0.000000 0.000000 0.000000 0.040000 0.001276 0.500000 0.000000 0.000000 0.000000
0.004400 0.004400 0.020000 0.020000 0.012600 0.016800 0.000001 0.030540 0.997527 0.999877 0.000000 0.335000 0.640000 0.000000 0.480000 0.480000 0.600000 0.560000 0.000005 0.000000 1.000000 1.000000 0.000000 0.000000 0.500000 0.000000 0.000000 0.000000 0.040000 0.001276 0.500000 0.000000 0.000000 0.000000
0.004400 0.004400 0.020000 0.020000 0.012400 0.016800 0.000001 0.030590 0.997527 0.999877 0.000000 0.335000 0.640000 0.000000 0.480000 0.480000 0.600000 0.560000 0.000005 0.000000 1.000000 1.000000 0.000000 0.000000 0.500000 0.000000 0.000000 0.000000 0.040000 0.001276 0.500000 0.000000 0.000000 0.000000
0.004400 0.004400 0.020000 0.020000 0.012200 0.016800 0.000001 0.030600 0.997527 0.999877 0.000000 0.335000 0.640000 0.000000 0.480000 0.480000 0.600000 0.560000 0.000005 0.000000 1.000000 1.000000 0.000000 0.000000 0.500000 0.000000 0.000000 0.000000 0.040000 0.001276 0.500000 0.000000 0.000000 0.000000
0.004400 0.004400 0.020000 0.020000 0.012000 0.016800 0.000001 0.030610 0.997527 0.999877 0.000000 0.335000 0.640000 0.000000 0.480000 0.480000 0.600000 0.560000 0.000005 0.000000 1.000000 1.000000 0.000000 0.000000 0.500000 0.000000 0.000000 0.000000 0.040000 0.002551 0.500000 0.000000 0.000000 0.000000
0.004400 0.004400 0.020000 0.020000 0.016800 0.016800 0.000001 0.186000 0.997527 0.999877 0.000000 0.335000 0.640000 0.000000 0.480000 0.480000 0.600000 0.560000 0.000005 0.000000 1.000000 1.000000 0.000000 0.000000 0.500000 0.000000 0.000000 0.000000 0.040000 0.684949 0.731059 0.500000 0.290030 0.000000
0.004400 0.004400 0.020000 0.020000 0.016800 0.016800 0.000001 0.186000 0.997527 0.999877 0.000000 0.335000 0.640000 0.000000 0.480000 0.480000 0.600000 0.560000 0.000005 0.000000 1.000000 1.000000 0.000000 0.000000 0.500000 0.000000 0.000000 0.000000 0.040000 0.001276 0.500000 0.000000 0.000000 0.000000
0.004400 0.004400 0.020000 0.020000 0.016600 0.016800 0.000001 0.186010 0.997527 0.999877 0.000000 0.335000 0.640000 0.000000 0.480000 0.480000 0.600000 0.560000 0.000005 0.000000 1.000000 1.000000 0.000000 0.000000 0.500000 0.000000 0.000000 0.000000 0.040000 0.684949 0.731059 0.500000 0.186020 0.000000
0.002600 0.004400 0.020000 0.020000 0.016600 0.016800 0.000001 0.186010 0.997527 0.999665 0.000000 0.335000 0.640000 0.000000 0.480000 0.480000 0.600000 0.560000 0.000005 0.000000 1.000000 1.000000 0.000000 0.000000 0.500000 0.000000 0.000000 0.000000 0.040000 0.684949 0.731059 0.731059 0.000000 0.000000
0.002600 0.004400 0.020000 0.020000 0.016600 0.016800 0.000001 0.186010 0.997527 0.999877 0.000000 0.335000 0.640000 0.000000 0.480000 0.480000 0.600000 0.560000 0.000005 0.000000 1.000000 1.000000 0.000000 0.000000 0.500000 0.000000 0.000000 0.000000 0.040000 0.789541 0.731059 0.500000 0.007010 0.000000
0.002600 0.004400 0.020000 0.020000 0.016600 0.016800 0.000001 0.186010 0.997527 0.999877 0.000000 0.335000 0.640000 0.000000 0.480000 0.480000 0.600000 0.560000 0.000005 0.000000 1.000000 1.000000 0.000000 0.000000 0.500000 0.000000 0.000000 0.000000 0.040000 0.686224 0.500000 0.000000 0.000000 0.000000
0.002600 0.004400 0.020000 0.020000 0.016600 0.016800 0.000001 0.186010 0.997527 0.999877 0.000000 0.335000 0.640000 0.000000 0.480000 0.480000 0.600000 0.560000 0.000005 0.000000 1.000000 1.000000 0.000000 0.000000 0.500000 0.000000 0.000000 0.000000 0.040000 0.642857 0.880797 0.500000 0.030110 0.000000
0.002600 0.004400 0.020000 0.020000 0.016600 0.016800 0.000001 0.186010 0.997527 0.999877 0.000000 0.335000 0.640000 0.000000 0.480000 0.480000 0.600000 0.560000 0.000008 0.000000 1.000000 1.000000 0.000000 0.000000 0.500000 0.000000 0.000000 0.000000 0.040000 0.642857 0.880797 0.500000 0.190310 0.000000
0.002600 0.004400 0.020000 0.020000 0.016600 0.016800 0.000001 0.186010 0.997527 0.999877 0.000000 0.335000 0.640000 0.000000 0.480000 0.480000 0.600000 0.560000 0.000008 0.000000 1.000000 1.000000 0.000000 0.000000 0.500000 0.000000 0.000000 0.000000 0.050000 0.616071 0.731059 0.500000 0.190310 0.000000
0.002600 0.004400 0.020000 0.020000 0.016600 0.016800 0.000001 0.186010 0.997527 0.999877 0.000000 0.335000 0.640000 0.000000 0.480000 0.480000 0.600000 0.560000 0.000008 0.000000 1.000000 1.000000 0.000000 0.000000 0.500000 0.000000 0.000000 0.000000 0.040000 0.767857 0.500000 0.000000 0.000000 0.000000
0.002600 0.004400 0.020000 0.020000 0.016600 0.016800 0.000001 0.030010 0.997527 0.999877 0.000000 0.335000 0.640000 0.000000 0.480000 0.480000 0.600000 0.560000 0.000008 0.000000 1.000000 1.000000 0.000000 0.000000 0.500000 0.000000 0.000000 0.000000 0.040000 0.815051 0.500000 0.000000 0.000000 0.000000
0.002600 0.004400 0.020000 0.020000 0.016600 0.016800 0.000001 0.030010 0.997527 0.993307 0.000000 0.335000 0.640000 0.000000 0.480000 0.480000 0.600000 0.560000 0.000008 0.000000 1.000000 1.000000 0.000000 0.000000 0.500000 0.000000 0.000000 0.000000 0.040000 0.797194 0.500000 0.000000 0.000000 0.000000
0.997800 0.997800 0.002000 0.002000 0.010000 0.010000 0.000310 0.000010 0.500000 0.999877 1.000000 -0.050000 0.440000 0.000000 0.440000 0.440000 0.440000 0.440000 0.000100 0.000000 0.500000 0.500000 0.000000 0.000000 0.500000 0.000000 0.190000 0.030000 0.000000 0.788265 0.500000 0.000000 0.000000 0.000000
0.004400 0.004400 0.020000 0.020000 0.016800 0.016800 0.000001 0.030010 0.997527 0.993307 0.000000 0.335000 0.640000 0.000000 0.480000 0.480000 0.600000 0.560000 0.000008 0.000000 1.000000 1.000000 0.000000 0.000000 0.500000 0.000000 0.000000 0.000000 0.040000 0.928571 0.500000 0.000000 0.000000 0.000000
0.004400 0.004400 0.020000 0.020000 0.016800 0.016800 0.000001 0.030010 0.997527 0.999089 0.000000 0.335000 0.640000 0.000000 0.480000 0.480000 0.600000 0.560000 0.000008 0.000000 1.000000 1.000000 0.000000 0.000000 0.500000 0.000000 0.000000 0.000000 0.040000 0.826531 0.500000 0.000000 0.000000 0.000000
0.004400 0.004400 0.020000 0.020000 0.016800 0.016800 0.000001 0.030010 0.997527 0.999877 0.000000 0.335000 0.640000 0.000000 0.480000 0.480000 0.600000 0.560000 0.000008 0.000000 1.000000 1.000000 0.000000 0.000000 0.500000 0.000000 0.000000 0.000000 0.040000 0.001276 0.500000 0.000000 0.000000 0.000000
0.004400 0.004400 0.020000 0.020000 0.016600 0.016800 0.000001 0.030540 0.997527 0.999877 0.000000 0.335000 0.640000 0.000000 0.480000 0.480000 0.600000 0.560000 0.000008 0.000000 1.000000 1.000000 0.000000 0.000000 0.500000 0.000000 0.000000 0.000000 0.040000 0.001276 0.500000 0.000000 0.000000 0.000000
0.004400 0.004400 0.020000 0.020000 0.016800 0.016800 0.000001 0.030590 0.997527 0.999877 0.000000 0.335000 0.640000 0.000000 0.480000 0.480000 0.600000 0.560000 0.000008 0.000000 1.000000 1.000000 0.000000 0.000000 0.500000 0.000000 0.000000 0.000000 0.040000 0.001276 0.500000 0.000000 0.000000 0.000000
0.004400 0.004400 0.020000 0.020000 0.016600 0.016800 0.000001 0.030600 0.997527 0.999877 0.000000 0.335000 0.640000 0.000000 0.480000 0.480000 0.600000 0.560000 0.000008 0.000000 1.000000 1.000000 0.000000 0.000000 0.500000 0.000000 0.000000 0.000000 0.040000 0.001276 0.500000 0.000000 0.000000 0.000000
0.004400 0.004400 0.020000 0.020000 0.016400 0.016800 0.000001 0.030610 0.997527 0.999877 0.000000 0.335000 0.640000 0.000000 0.480000 0.480000 0.600000 0.560000 0.000008 0.000000 1.000000 1.000000 0.000000 0.000000 0.500000 0.000000 0.000000 0.000000 0.040000 0.002551 0.500000 0.000000 0.000000 0.000000
0.004400 0.004400 0.020000 0.020000 0.016200 0.016800 0.000001 0.186000 0.997527 0.999877 0.000000 0.335000 0.640000 0.000000 0.480000 0.480000 0.600000 0.560000 0.000008 0.000000 1.000000 1.000000 0.000000 0.000000 0.500000 0.000000 0.000000 0.000000 0.040000 0.001276 0.500000 0.000000 0.000000 0.000000
0.004400 0.004400 0.020000 0.020000 0.016000 0.016800 0.000001 0.186010 0.997527 0.999877 0.000000 0.335000 0.640000 0.000000 0.480000 0.480000 0.600000 0.560000 0.000008 0.000000 1.000000 1.000000 0.000000 0.000000 0.500000 0.000000 0.000000 0.000000 0.040000 0.002551 0.500000 0.000000 0.000000 0.000000
0.004400 0.004400 0.020000 0.020000 0.015800 0.016800 0.000001 0.186020 0.997527 0.999877 0.000000 0.335000 0.640000 0.000000 0.480000 0.480000 0.600000 0.560000 0.000008 0.000000 1.000000 1.000000 0.000000 0.000000 0.500000 0.000000 0.000000 0.000000 0.040000 0.724490 0.880797 0.500000 0.075120 0.500000
0.004400 0.004400 0.020000 0.020000 0.015800 0.016800 0.000001 0.186020 0.997527 0.999877 0.000000 0.335000 0.640000 0.000000 0.480000 0.480000 0.600000 0.560000 0.000008 0.000000 1.000000 1.000000 0.000000 0.000000 0.500000 0.000000 0.000000 0.000000 0.040000 0.003827 0.500000 0.000000 0.000000 0.000000
0.004400 0.004400 0.020000 0.020000 0.015600 0.016800 0.000001 0.186060 0.997527 0.999877 0.000000 0.335000 0.640000 0.000000 0.480000 0.480000 0.600000 0.560000 0.000008 0.000000 1.000000 1.000000 0.000000 0.000000 0.500000 0.000000 0.000000 0.000000 0.040000 0.683673 0.731059 0.500000 0.186060 0.000000
0.997800 0.997800 0.002000 0.002000 0.010000 0.010000 0.000310 0.000010 0.500000 0.999877 1.000000 -0.050000 0.440000 0.000000 0.440000 0.440000 0.440000 0.440000 0.000100 0.000000 0.500000 0.500000 0.000000 0.000000 0.500000 0.000000 0.190000 0.030000 0.000000 0.788265 0.500000 0.000000 0.000000 0.000000
0.004400 0.004400 0.020000 0.020000 0.016800 0.016800 0.000001 0.186060 0.997527 0.999877 0.015000 0.335000 0.640000 0.000000 0.480000 0.480000 0.600000 0.560000 0.000008 0.000000 0.999999 1.000000 0.000000 0.000000 0.500000 0.000000 0.000000 0.000000 0.040000 0.686224 0.500000 0.000000 0.000000 0.000000
0.004400 0.004400 0.020000 0.020000 0.016800 0.016800 0.000001 0.186060 0.997527 0.999877 0.015000 0.335000 0.640000 0.000000 0.480000 0.480000 0.600000 0.560000 0.000008 0.000000 0.999999 1.000000 0.000000 0.000000 0.500000 0.000000 0.000000 0.000000 0.040000 0.630102 0.731059 0.500000 0.007010 0.000000
0.004400 0.004400 0.020000 0.020000 0.016800 0.016800 0.000001 0.186060 0.997527 0.999877 0.015000 0.335000 0.640000 0.000000 0.480000 0.480000 0.600000 0.560000 0.000008 0.000000 0.999999 1.000000 0.000000 0.000000 0.500000 0.000000 0.000000 0.000000 0.040000 0.001276 0.500000 0.000000 0.000000 0.000000
0.004400 0.004400 0.020000 0.020000 0.016600 0.016800 0.000001 0.186020 0.997527 0.999877 0.015000 0.335000 0.640000 0.000000 0.480000 0.480000 0.600000 0.560000 0.000008 0.000000 0.999999 1.000000 0.000000 0.000000 0.500000 0.000000 0.000000 0.000000 0.040000 0.002551 0.500000 0.000000 0.000000 0.000000
0.004400 0.004400 0.020000 0.020000 0.016400 0.016800 0.000001 0.186030 0.997527 0.999877 0.015000 0.335000 0.640000 0.000000 0.480000 0.480000 0.600000 0.560000 0.000008 0.000000 0.999999 1.000000 0.000000 0.000000 0.500000 0.000000 0.000000 0.000000 0.040000 0.724490 0.880797 0.500000 0.075120 0.500000
0.004400 0.004400 0.020000 0.020000 0.016400 0.016800 0.000001 0.186030 0.997527 0.999877 0.015000 0.335000 0.640000 0.000000 0.480000 0.480000 0.600000 0.560000 0.000008 0.000000 0.999999 1.000000 0.000000 0.000000 0.500000 0.000000 0.000000 0.000000 0.040000 0.001276 0.500000 0.000000 0.000000 0.000000
0.004400 0.004400 0.020000 0.020000 0.016200 0.016800 0.000001 0.186440 0.997527 0.999877 0.015000 0.335000 0.640000 0.000000 0.480000 0.480000 0.600000 0.560000 0.000008 0.000000 0.999999 1.000000 0.000000 0.000000 0.500000 0.000000 0.000000 0.000000 0.040000 0.001276 0.500000 0.000000 0.000000 0.000000
0.004400 0.004400 0.020000 0.020000 0.016800 0.016800 0.000001 0.186400 0.997527 0.999877 0.015000 0.335000 0.640000 0.000000 0.480000 0.480000 0.600000 0.560000 0.000008 0.000000 0.999998 1.000000 0.000000 0.000000 0.500000 0.000000 0.000000 0.000000 0.040000 0.599490 0.731059 0.500000 0.186150 0.000000
0.004400 0.004400 0.020000 0.020000 0.016800 0.016800 0.000001 0.186400 0.997527 0.999877 0.015000 0.335000 0.640000 0.000000 0.480000 0.480000 0.600000 0.560000 0.000008 0.000000 0.999998 1.000000 0.000000 0.000000 0.500000 0.000000 0.000000 0.000000 0.040000 0.002551 0.500000 0.000000 0.000000 0.000000
0.004400 0.004400 0.020000 0.020000 0.016600 0.016800 0.000001 0.186410 0.997527 0.999877 0.015000 0.335000 0.640000 0.000000 0.480000 0.480000 0.600000 0.560000 0.000008 0.000000 0.999998 1.000000 0.000000 0.000000 0.500000 0.000000 0.000000 0.000000 0.040000 0.599490 0.731059 0.500000 0.186130 0.000000
0.004400 0.004400 0.020000 0.020000 0.016600 0.016800 0.000001 0.186410 0.997527 0.999877 0.015000 0.335000 0.640000 0.000000 0.480000 0.480000 0.600000 0.560000 0.000008 0.000000 0.999998 1.000000 0.000000 0.000000 0.500000 0.000000 0.000000 0.000000 0.040000 0.002551 0.500000 0.000000 0.000000 0.000000
0.004400 0.004400 0.020000 0.020000 0.016400 0.016800 0.000001 0.186420 0.997527 0.999877 0.015000 0.335000 0.640000 0.000000 0.480000 0.480000 0.600000 0.560000 0.000008 0.000000 0.999998 1.000000 0.000000 0.000000 0.500000 0.000000 0.000000 0.000000 0.040000 0.003827 0.500000 0.000000 0.000000 0.000000
0.004400 0.004400 0.020000 0.020000 0.016200 0.016800 0.000001 0.186470 0.997527 0.999877 0.015000 0.335000 0.640000 0.000000 0.480000 0.480000 0.600000 0.560000 0.000008 0.000000 0.999998 1.000000 0.000000 0.000000 0.500000 0.000000 0.000000 0.000000 0.040000 0.005102 0.500000 0.000000 0.000000 0.000000
0.004400 0.004400 0.020000 0.020000 0.016000 0.016800 0.000001 0.186460 0.997527 0.999877 0.015000 0.335000 0.640000 0.000000 0.480000 0.480000 0.600000 0.560000 0.000008 0.000000 0.999998 1.000000 0.000000 0.000000 0.500000 0.000000 0.000000 0.000000 0.040000 0.724490 0.880797 0.500000 0.075120 0.500000
0.004400 0.004400 0.020000 0.020000 0.016000 0.016800 0.000001 0.186460 0.997527 0.999877 0.015000 0.335000 0.640000 0.000000 0.480000 0.480000 0.600000 0.560000 0.000008 0.000000 0.999998 1.000000 0.000000 0.000000 0.500000 0.000000 0.000000 0.000000 0.040000 0.005102 0.500000 0.000000 0.000000 0.000000
0.004400 0.004400 0.020000 0.020000 0.015800 0.016800 0.000001 0.186030 0.997527 0.999877 0.015000 0.335000 0.640000 0.000000 0.480000 0.480000 0.600000 0.560000 0.000008 0.000000 0.999998 1.000000 0.000000 0.000000 0.500000 0.000000 0.000000 0.000000 0.040000 0.003827 0.500000 0.000000 0.000000 0.000000
0.004400 0.004400 0.020000 0.020000 0.015600 0.016800 0.000001 0.186070 0.997527 0.999877 0.015000 0.335000 0.640000 0.000000 0.480000 0.480000 0.600000 0.560000 0.000008 0.000000 0.999998 1.000000 0.000000 0.000000 0.500000 0.000000 0.000000 0.000000 0.040000 0.683673 0.731059 0.500000 0.186060 0.000000
0.004400 0.004400 0.020000 0.020000 0.015600 0.016800 0.000001 0.186070 0.997527 0.999665 0.015000 0.335000 0.640000 0.000000 0.480000 0.480000 0.600000 0.560000 0.000008 0.000000 0.999998 1.000000 0.000000 0.000000 0.500000 0.000000 0.000000 0.000000 0.040000 0.684949 0.731059 0.731059 0.000000 0.000000
0.004400 0.004400 0.020000 0.020000 0.015600 0.016800 0.000002 0.186070 0.997527 0.999877 0.029000 0.335000 0.640000 0.000000 0.480000 0.480000 0.600000 0.560000 0.000008 0.000000 0.999998 1.000000 0.000000 0.000000 0.500000 0.000000 0.000000 0.000000 0.040000 0.684949 0.731059 0.500000 0.186020 0.000000
0.004400 0.004400 0.020000 0.020000 0.015600 0.016800 0.000002 0.186070 0.997527 0.999665 0.029000 0.335000 0.640000 0.000000 0.480000 0.480000 0.600000 0.560000 0.000008 0.000000 0.999998 1.000000 0.000000 0.000000 0.500000 0.000000 0.000000 0.000000 0.040000 0.684949 0.731059 0.731059 0.000000 0.000000
0.004400 0.004400 0.020000 0.020000 0.015600 0.016800 0.000002 0.186070 0.997527 0.999665 0.029000 0.335000 0.640000 0.000000 0.480000 0.480000 0.600000 0.560000 0.000008 0.000000 0.999998 1.000000 0.000000 0.000000 0.500000 0.000000 0.000000 0.000000 0.040000 0.684949 0.731059 0.731059 0.000000 0.000000
0.004400 0.004400 0.020000 0.020000 0.015600 0.016800 0.000002 0.186070 0.997527 0.999877 0.028000 0.335000 0.640000 0.000000 0.480000 0.480000 0.600000 0.560000 0.000008 0.000000 0.999998 1.000000 0.000000 0.000000 0.500000 0.000000 0.000000 0.000000 0.040000 0.684949 0.731059 0.731059 0.000000 0.000000
0.004400 0.004400 0.020000 0.020000 0.015600 0.016800 0.000002 0.186070 0.997527 0.999877 0.028000 0.335000 0.640000 0.000000 0.480000 0.480000 0.600000 0.560000 0.000008 0.000000 0.999998 1.000000 0.000000 0.000000 0.500000 0.000000 0.000000 0.000000 0.040000 0.684949 0.731059 0.731059 0.000000 0.000000
0.004400 0.004400 0.020000 0.020000 0.015600 0.016800 0.000002 0.186070 0.997527 0.999877 0.028000 0.335000 0.640000 0.000000 0.480000 0.480000 0.600000 0.560000 0.000008 0.000000 0.999998 1.000000 0.000000 0.000000 0.500000 0.000000 0.000000 0.000000 0.040000 0.686224 0.500000 0.000000 0.000000 0.000000
0.004400 0.004400 0.020000 0.020000 0.015600 0.016800 0.000002 0.186070 0.997527 0.999877 0.028000 0.335000 0.640000 0.000000 0.480000 0.480000 0.600000 0.560000 0.000008 0.000000 0.999998 1.000000 0.000000 0.000000 0.500000 0.000000 0.000000 0.000000 0.040000 0.789541 0.731059 0.500000 0.007010 0.000000
0.004400 0.004400 0.020000 0.020000 0.015600 0.016800 0.000002 0.186070 0.997527 0.999877 0.028000 0.335000 0.640000 0.000000 0.480000 0.480000 0.600000 0.560000 0.000008 0.000000 0.999998 1.000000 0.000000 0.000000 0.500000 0.000000 0.000000 0.000000 0.040000 0.789541 0.731059 0.500000 0.007010 0.000000
0.004400 0.004400 0.020000 0.020000 0.015600 0.016800 0.000002 0.186070 0.997527 0.999877 0.028000 0.335000 0.640000 0.000000 0.480000 0.480000 0.600000 0.560000 0.000008 0.000000 0.999998 1.000000 0.000000 0.000000 0.500000 0.000000 0.000000 0.000000 0.040000 0.686224 0.500000 0.000000 0.000000 0.000000
0.004400 0.004400 0.020000 0.020000 0.015600 0.016800 0.000002 0.186070 0.997527 0.999877 0.028000 0.335000 0.640000 0.000000 0.480000 0.480000 0.600000 0.560000 0.000008 0.000000 0.999998 1.000000 0.000000 0.000000 0.500000 0.000000 0.000000 0.000000 0.040000 0.642857 0.880797 0.880797 0.186060 0.000000
0.004400 0.004400 0.020000 0.020000 0.015600 0.016800 0.000002 0.186070 0.997527 0.999877 0.028000 0.335000 0.640000 0.000000 0.480000 0.480000 0.600000 0.560000 0.000008 0.000000 0.999998 1.000000 0.000000 0.000000 0.500000 0.000000 0.000000 0.000000 0.050000 0.669643 0.731059 0.880797 0.186060 0.000000
1.691800 1.691800 0.002000 0.002000 0.010000 0.010000 0.001581 0.115000 0.500000 0.999877 -0.800000 -1.650000 0.720000 0.000000 0.800000 0.760000 0.800000 0.760000 0.000500 0.000000 0.500000 0.500000 0.000000 0.000000 0.500000 0.000000 0.410000 0.450000 0.000000 0.788265 0.500000 0.000000 0.000000 0.000000
1.691800 1.691800 0.002000 0.002000 0.010000 0.010000 0.001581 0.115000 0.500000 0.999877 -0.800000 -1.650000 0.720000 0.000000 0.800000 0.760000 0.800000 0.760000 0.000500 0.000000 0.500000 0.500000 0.000000 0.000000 0.500000 0.000000 0.410000 0.450000 0.000000 0.905612 0.880797 0.731059 0.000000 0.731059
0.004400 0.004400 0.020000 0.020000 0.016800 0.016800 0.000002 0.186070 0.997527 0.999877 0.028000 0.335000 0.640000 0.000000 0.480000 0.480000 0.600000 0.560000 0.000008 0.000000 0.999994 1.000000 0.000000 0.000000 0.500000 0.000000 0.000000 0.010000 0.040000 0.642857 0.880797 0.500000 0.030110 0.000000
0.004400 0.004400 0.020000 0.020000 0.016800 0.016800 0.000002 0.186070 0.997527 0.999877 0.028000 0.335000 0.640000 0.000000 0.480000 0.480000 0.600000 0.560000 0.000010 0.000000 0.999994 1.000000 0.000000 0.000000 0.500000 0.000000 0.000000 0.010000 0.040000 0.003827 0.500000 0.000000 0.000000 0.000000
1.691800 1.691800 0.002000 0.002000 0.010000 0.010000 0.001581 0.115000 0.500000 0.999877 -0.800000 -1.650000 0.720000 0.000000 0.800000 0.760000 0.800000 0.760000 0.000500 0.000000 0.500000 0.500000 0.000000 0.000000 0.500000 0.000000 0.410000 0.450000 0.000000 0.724490 0.880797 0.731059 0.000000 0.731059
0.004400 0.004400 0.020000 0.020000 0.016600 0.016800 0.000002 0.186110 0.997527 0.999877 0.028000 0.335000 0.640000 0.000000 0.480000 0.480000 0.600000 0.560000 0.000010 0.000000 0.999994 1.000000 0.000000 0.000000 0.500000 0.000000 0.000000 0.010000 0.040000 0.724490 0.880797 0.500000 0.075120 0.500000
0.004400 0.004400 0.020000 0.020000 0.016600 0.016800 0.000002 0.186110 0.997527 0.999877 0.028000 0.335000 0.640000 0.000000 0.480000 0.480000 0.600000 0.560000 0.000010 0.000000 0.999994 1.000000 0.000000 0.000000 0.500000 0.000000 0.000000 0.010000 0.040000 0.002551 0.500000 0.000000 0.000000 0.000000
0.004400 0.004400 0.020000 0.020000 0.016400 0.016800 0.000002 0.186120 0.997527 0.999877 0.028000 0.335000 0.640000 0.000000 0.480000 0.480000 0.600000 0.560000 0.000010 0.000000 0.999994 1.000000 0.000000 0.000000 0.500000 0.000000 0.000000 0.010000 0.040000 0.599490 0.731059 0.500000 0.186050 0.000000
0.004400 0.004400 0.020000 0.020000 0.016400 0.016800 0.000002 0.186120 0.997527 0.999877 0.028000 0.335000 0.640000 0.000000 0.480000 0.480000 0.600000 0.560000 0.000010 0.000000 0.999994 1.000000 0.000000 0.000000 0.500000 0.000000 0.000000 0.010000 0.040000 0.005102 0.500000 0.000000 0.000000 0.000000
0.004400 0.004400 0.020000 0.020000 0.016200 0.016800 0.000002 0.186110 0.997527 0.999877 0.028000 0.335000 0.640000 0.000000 0.480000 0.480000 0.600000 0.560000 0.000010 0.000000 0.999994 1.000000 0.000000 0.000000 0.500000 0.000000 0.000000 0.010000 0.040000 0.003827 0.500000 0.000000 0.000000 0.000000
0.004400 0.004400 0.020000 0.020000 0.016200 0.016800 0.000002 0.186110 0.997527 0.999877 0.028000 0.335000 0.640000 0.000000 0.480000 0.480000 0.600000 0.560000 0.000010 0.000000 0.999994 1.000000 0.000000 0.000000 0.500000 0.000000 0.000000 0.010000 0.040000 0.005102 0.500000 0.000000 0.000000 0.000000
0.004400 0.004400 0.020000 0.020000 0.016000 0.016800 0.000002 0.186100 0.997527 0.999877 0.028000 0.335000 0.640000 0.000000 0.480000 0.480000 0.600000 0.560000 0.000010 0.000000 0.999994 1.000000 0.000000 0.000000 0.500000 0.000000 0.000000 0.010000 0.040000 0.005102 0.500000 0.000000 0.000000 0.000000
0.004400 0.004400 0.020000 0.020000 0.015800 0.016800 0.000002 0.186090 0.997527 0.999877 0.028000 0.335000 0.640000 0.000000 0.480000 0.480000 0.600000 0.560000 0.000010 0.000000 0.999994 1.000000 0.000000 0.000000 0.500000 0.000000 0.000000 0.010000 0.040000 0.684949 0.731059 0.500000 0.186060 0.000000
0.003600 0.004400 0.020000 0.020000 0.015800 0.016800 0.000002 0.186090 0.997527 0.999665 0.028000 0.335000 0.640000 0.000000 0.480000 0.480000 0.600000 0.560000 0.000010 0.000000 0.999994 1.000000 0.000000 0.000000 0.500000 0.000000 0.000000 0.010000 0.040000 0.684949 0.731059 0.731059 0.000000 0.000000
0.003600 0.004400 0.020000 0.020000 0.015800 0.016800 0.000002 0.186090 0.997527 0.999877 0.041000 0.335000 0.640000 0.000000 0.480000 0.480000 0.600000 0.560000 0.000010 0.000000 0.999994 1.000000 0.000000 0.000000 0.500000 0.000000 0.000000 0.010000 0.040000 0.797194 0.500000 0.000000 0.000000 0.000000
0.003600 0.004400 0.020000 0.020000 0.015800 0.016800 0.000002 0.186090 0.997527 0.999877 0.041000 0.335000 0.640000 0.000000 0.480000 0.480000 0.600000 0.560000 0.000010 0.000000 0.999994 1.000000 0.000000 0.000000 0.500000 0.000000 0.000000 0.010000 0.040000 0.789541 0.731059 0.500000 0.007010 0.000000
0.003600 0.004400 0.020000 0.020000 0.015800 0.016800 0.000002 0.186090 0.997527 0.999877 0.041000 0.335000 0.640000 0.000000 0.480000 0.480000 0.600000 0.560000 0.000010 0.000000 0.999994 1.000000 0.000000 0.000000 0.500000 0.000000 0.000000 0.010000 0.040000 0.005102 0.500000 0.000000 0.000000 0.000000
0.003600 0.004400 0.020000 0.020000 0.015600 0.016800 0.000002 0.186080 0.997527 0.999877 0.041000 0.335000 0.640000 0.000000 0.480000 0.480000 0.600000 0.560000 0.000010 0.000000 0.999994 1.000000 0.000000 0.000000 0.500000 0.000000 0.000000 0.010000 0.040000 0.001276 0.500000 0.000000 0.000000 0.000000
0.003600 0.004400 0.020000 0.020000 0.015400 0.016800 0.000002 0.030010 0.997527 0.999877 0.041000 0.335000 0.640000 0.000000 0.480000 0.480000 0.600000 0.560000 0.000010 0.000000 0.999994 1.000000 0.000000 0.000000 0.500000 0.000000 0.000000 0.010000 0.040000 0.649235 0.500000 0.000000 0.000000 0.000000
0.003600 0.004400 0.020000 0.020000 0.015400 0.016800 0.000002 0.030010 0.997527 0.999877 0.041000 0.335000 0.640000 0.000000 0.480000 0.480000 0.600000 0.560000 0.000000 0.000010 0.999994 1.000000 0.000000 0.000000 0.500000 0.000000 0.000000 0.010000 0.040000 0.797194 0.500000 0.000000 0.000000 0.000000
0.997800 0.997800 0.002000 0.002000 0.010000 0.010000 0.000310 0.000010 0.500000 0.999877 1.000000 -0.050000 0.440000 0.000000 0.440000 0.440000 0.440000 0.440000 0.000100 0.000000 0.500000 0.500000 0.000000 0.000000 0.500000 0.000000 0.190000 0.030000 0.000000 0.788265 0.500000 0.000000 0.000000 0.000000
0.004400 0.004400 0.020000 0.020000 0.016800 0.016800 0.000002 0.030010 0.997527 0.999877 0.041000 0.335000 0.640000 0.000000 0.480000 0.480000 0.600000 0.560000 0.000000 0.000010 0.999877 1.000000 0.000000 0.000000 0.500000 0.000000 0.000000 0.010000 0.040000 0.797194 0.500000 0.000000 0.000000 0.000000
0.004400 0.004400 0.020000 0.020000 0.016800 0.016800 0.000002 0.030010 0.997527 0.999877 0.041000 0.335000 0.640000 0.000000 0.480000 0.480000 0.600000 0.560000 0.000000 0.000010 0.999877 1.000000 0.000000 0.000000 0.500000 0.000000 0.000000 0.010000 0.040000 0.797194 0.500000 0.000000 0.000000 0.000000
0.004400 0.004400 0.020000 0.020000 0.016800 0.016800 0.000002 0.030010 0.997527 0.999877 0.041000 0.335000 0.640000 0.000000 0.480000 0.480000 0.600000 0.560000 0.000000 0.000010 0.999877 1.000000 0.000000 0.000000 0.500000 0.000000 0.000000 0.010000 0.040000 0.686224 0.500000 0.000000 0.000000 0.000000
0.004400 0.004400 0.020000 0.020000 0.016800 0.016800 0.000002 0.030010 0.997527 0.999877 0.041000 0.335000 0.640000 0.000000 0.480000 0.480000 0.600000 0.560000 0.000000 0.000010 0.999877 1.000000 0.000000 0.000000 0.500000 0.000000 0.000000 0.010000 0.040000 0.760204 0.500000 0.000000 0.000000 0.000000
